1 12 5
1 8 3.4
1 4 2
2 11 3
2 10 2.2
2 9 1.5
3 12 4
3 10 3
3 8 3
4 9 4
4 12 3.3
4 10 4.4
5 5 5
5 3.1 3
5 2.2 1
6 14 8
6 12 5
6 3 3.3
7 10 4
7 11 2
7 8 3
8 12 5
8 9 3
8 10 4
9 12 5
9 10 4
9 0 3
10 9 3.3
10 8 4.4
10 6 1.0
11 9 3.3
11 8 4.1
11 10 1.1
12 8 2.2
12 5 4.5
12 11 4.4
13 10 3.3
13 11 3.4
13 12 4.1
14 10 3.7
14 11 3.9
14 5 2.2
15 10 4.4
15 11 2.4
15 3 3.3
16 11 4.4
16 12 3.3
16 8 2.2
17 10 3.3
17 9 4.2
17 1 1.2
18 6 1.7
18 7 2.2
18 5 3.8
19 8 4.1
19 11 4.3
19 10 3.7
20 9 3.9
20 4 3.2
20 6 2.6
21 15 0
21 0 1.4
21 1 2.2
22 12 3.3
22 13 4.4
22 14 2.6
23 3 3.3
23 8 3.9
23 10 1.8
24 11 2.0
24 3 1.4
24 4 4.7
25 9 2.2
25 10 2.6
25 4 4.9
26 3 4.1
26 10 4.5
26 4 2.9
27 2 3.1
27 10 3.9
27 8 2.0
28 12 3.4
28 13 4.5
28 0 1.1
29 14 1.5
29 11 3.3
29 6 2.8
30 9 4.2
30 14 2.1
30 0 0
31 1 2.2
31 2 3.6
31 3 4.4
32 0 5
32 3 4.3
32 1 1.4
33 9 4.3
33 8 4.4
33 4 2.9
34 6 3.6
34 9 4.1
34 10 3.3
35 8 2.4
35 4 2.3
35 2 4.1
36 9 3.9
36 10 4.1
36 11 4.5
37 14 3.1
37 5 2.2
37 8 2.7
38 9 4.1
38 10 3.3
38 4 3.1
39 11 2.2
39 2 2.5
39 0 4.4
40 6 4.2
40 8 2.1
40 9 2.8
41 3 4.6
41 8 3.3
41 10 2.2
42 9 3.6
42 4 3.1
42 15 2.3
43 15 3.1
43 14 2.8
43 12 0.5
44 3 1.1
44 5 2.5
44 1 2.1
45 7 2.9
45 8 3.1
45 10 4.3
46 2 2.2
46 8 2.9
46 10 3.2
47 1 4.8
47 2 3.2
47 8 4.4
48 3 0.7
48 2 0.9
48 13 1.1
49 11 1.4
49 12 3.3
49 8 1.8
50 1 4.4
50 6 1.4
50 8 2.2